678.58 
51 1 60.13 78.0   18 25 19 
51 2 54.11 57.0   44 45 15 37 17 4 
51 3 63.87 70.0   13 41 40 42 
52 1 53.93 78.0   12 11 2 
52 2 72.56 68.0   7 26 8 1 32 
52 3 76.31 58.0   23 43 24 14 
52 4 53.21 77.0   46 47 6 48 27 
53 1 63.38 76.0   49 5 33 39 
53 2 31.21 51.0   38 16 50 9 
53 3 36.38 50.0   34 30 10 
54 1 79.44 72.0   35 36 3 28 31 22 
54 2 34.05 42.0   21 29 20 

657.56 
51 1 46.73 69.0   25 18 
51 2 48.11 48.0   44 45 15 37 17 
51 3 66.55 79.0   42 19 40 41 13 
51 4 12.00 9.0   4 
52 1 42.08 78.0   47 12 11 46 
52 2 48.40 63.0   27 48 23 6 
52 3 79.71 61.0   7 43 24 14 
52 4 75.62 60.0   1 31 26 8 32 
53 1 30.87 55.0   50 34 30 
53 2 53.95 60.0   49 10 33 39 
53 3 37.90 62.0   5 38 16 9 
54 1 72.04 67.0   35 36 3 28 22 29 
54 2 43.60 66.0   21 2 20 

648.78 
51 1 47.00 78.0   4 18 25 
51 2 48.11 48.0   44 45 15 37 17 
51 3 66.55 79.0   42 19 40 41 13 
52 1 69.87 80.0   23 7 8 1 27 
52 2 54.99 68.0   46 11 32 48 6 
52 3 103.49 60.0   31 26 43 24 14 
52 4 23.50 54.0   47 12 
53 1 21.07 39.0   5 49 
53 2 43.57 77.0   34 50 16 38 9 
53 3 55.65 61.0   10 33 39 30 
54 1 40.31 51.0   35 36 20 
54 2 58.18 74.0   29 2 22 28 3 
54 3 16.49 8.0   21 

649.50 
51 1 57.86 66.0   19 40 41 13 
51 2 57.28 61.0   42 44 45 15 37 17 
51 3 47.00 78.0   25 18 4 
52 1 47.15 61.0   11 32 27 6 
52 2 24.74 59.0   46 12 47 
52 3 104.55 67.0   1 31 26 43 24 14 
52 4 67.17 75.0   23 7 8 48 
53 1 38.80 59.0   49 10 5 38 
53 2 35.07 62.0   9 16 50 34 
53 3 54.91 56.0   33 39 30 
54 1 16.49 8.0   21 
54 2 58.18 74.0   3 28 22 2 29 
54 3 40.31 51.0   20 36 35 

637.90 
51 1 57.86 66.0   13 41 40 19 
51 2 57.28 61.0   17 37 15 45 44 42 
51 3 47.00 78.0   25 18 4 
52 1 76.31 58.0   23 43 24 14 
52 2 74.01 73.0   7 26 8 1 32 46 
52 3 36.95 47.0   6 48 27 
52 4 23.50 54.0   12 47 
53 1 55.65 61.0   10 33 39 30 
53 2 40.96 77.0   38 16 50 34 9 
53 3 21.07 39.0   5 49 
54 1 50.79 63.0   29 2 11 21 
54 2 79.44 72.0   35 36 3 28 31 22 
54 3 17.09 28.0   20 

658.58 
51 1 47.00 78.0   25 18 4 
51 2 48.11 48.0   17 37 15 45 44 
51 3 66.55 79.0   42 19 40 41 13 
52 1 42.08 78.0   47 12 11 46 
52 2 107.91 77.0   48 31 26 43 24 14 
52 3 69.89 77.0   23 7 8 1 32 
52 4 28.46 30.0   6 27 
53 1 37.87 58.0   49 5 30 
53 2 40.96 77.0   38 16 50 34 9 
53 3 52.56 42.0   10 33 39 
54 1 69.53 66.0   28 22 2 21 29 
54 2 47.67 67.0   20 3 36 35 

652.27 
51 1 47.00 78.0   25 18 4 
51 2 37.19 38.0   17 37 15 44 
51 3 66.55 79.0   42 19 40 41 13 
52 1 107.08 75.0   31 26 43 24 14 6 
52 2 47.07 55.0   48 8 27 
52 3 75.46 73.0   23 7 1 32 11 
52 4 24.74 59.0   46 12 47 
53 1 70.01 73.0   5 45 33 39 10 
53 2 31.21 51.0   9 50 16 38 
53 3 30.99 63.0   34 30 49 
54 1 40.31 51.0   35 36 20 
54 2 58.18 74.0   3 28 22 2 29 
54 3 16.49 8.0   21 

657.35 
51 1 34.68 75.0   4 18 47 
51 2 48.11 48.0   17 37 15 45 44 
51 3 66.55 79.0   42 19 40 41 13 
52 1 69.89 77.0   23 7 8 1 32 
52 2 101.44 77.0   26 43 24 25 14 
52 3 53.93 78.0   12 11 2 
52 4 40.40 52.0   46 27 48 6 
53 1 66.44 73.0   38 5 33 39 
53 2 7.21 11.0   9 
53 3 48.22 75.0   16 50 34 30 10 
53 4 5.66 18.0   49 
54 1 17.09 28.0   20 
54 2 79.44 72.0   35 36 3 28 31 22 
54 3 18.29 14.0   21 29 

632.26 
51 1 57.28 61.0   42 44 45 15 37 17 
51 2 34.68 75.0   47 18 4 
51 3 57.86 66.0   19 40 41 13 
52 1 63.88 74.0   14 25 24 6 
52 2 98.47 79.0   27 31 26 7 43 23 
52 3 61.22 78.0   11 32 1 8 48 
52 4 17.37 34.0   46 12 
53 1 21.07 39.0   49 5 
53 2 55.65 61.0   30 39 33 10 
53 3 40.96 77.0   9 34 50 16 38 
54 1 16.49 8.0   21 
54 2 71.06 75.0   35 36 28 22 2 
54 3 36.27 50.0   20 3 29 

604.14 
51 1 47.00 78.0   4 18 25 
51 2 48.11 48.0   17 37 15 45 44 
51 3 66.55 79.0   42 19 40 41 13 
52 1 77.72 80.0   1 31 26 8 48 6 
52 2 81.40 77.0   23 7 43 24 14 
52 3 35.08 51.0   46 11 32 27 
52 4 23.50 54.0   47 12 
53 1 25.22 54.0   38 5 49 
53 2 55.65 61.0   10 33 39 30 
53 3 45.43 70.0   9 50 16 21 34 
54 1 58.18 74.0   29 2 22 28 3 
54 2 40.31 51.0   35 36 20 

668.44 
51 1 60.13 78.0   18 25 19 
51 2 65.16 71.0   44 45 33 15 17 4 
51 3 63.87 70.0   13 41 40 42 
52 1 44.72 60.0   46 47 6 27 
52 2 63.92 66.0   48 26 8 1 32 
52 3 53.93 78.0   12 11 2 
52 4 81.40 77.0   23 7 43 24 14 
53 1 41.23 48.0   49 37 5 
53 2 40.96 77.0   38 16 50 34 9 
53 3 39.64 38.0   10 39 30 
54 1 79.44 72.0   35 36 3 28 31 22 
54 2 34.05 42.0   21 29 20 

653.59 
51 1 47.00 78.0   25 18 4 
51 2 48.11 48.0   44 45 15 37 17 
51 3 66.55 79.0   13 41 40 19 42 
52 1 93.51 68.0   11 32 23 43 24 
52 2 53.95 68.0   27 48 6 14 
52 3 82.42 67.0   7 26 31 8 1 
52 4 24.74 59.0   46 12 47 
53 1 30.87 55.0   50 34 30 
53 2 53.92 60.0   49 33 39 10 
53 3 37.90 62.0   9 16 38 5 
54 1 57.27 65.0   35 36 20 29 21 
54 2 57.34 68.0   3 28 22 2 

660.96 
51 1 47.00 78.0   25 18 4 
51 2 48.11 48.0   17 37 15 45 44 
51 3 66.55 79.0   42 19 40 41 13 
52 1 53.96 77.0   47 6 48 27 46 
52 2 69.89 77.0   23 7 8 1 32 
52 3 114.15 79.0   11 31 26 43 24 14 
52 4 16.12 29.0   12 
53 1 34.34 44.0   10 5 49 
53 2 40.96 77.0   38 16 50 34 9 
53 3 54.91 56.0   33 39 30 
54 1 40.31 51.0   35 36 20 
54 2 58.18 74.0   3 28 22 2 29 
54 3 16.49 8.0   21 

663.79 
51 1 46.73 69.0   18 25 
51 2 48.11 48.0   44 45 15 37 17 
51 3 66.55 79.0   13 41 40 19 42 
52 1 49.78 57.0   27 8 1 32 
52 2 103.49 60.0   31 26 43 24 14 
52 3 55.79 67.0   48 7 23 6 
52 4 39.08 68.0   47 4 12 46 
53 1 5.66 18.0   49 
53 2 30.92 66.0   30 34 50 9 
53 3 44.96 70.0   5 38 11 16 
53 4 52.56 42.0   10 33 39 
54 1 72.04 67.0   35 36 3 28 22 29 
54 2 31.63 58.0   2 20 
54 3 16.49 8.0   21 

641.14 
51 1 47.00 78.0   4 18 25 
51 2 48.11 48.0   44 45 15 37 17 
51 3 66.55 79.0   42 19 40 41 13 
52 1 107.91 77.0   48 31 26 43 24 14 
52 2 69.89 77.0   23 7 8 1 32 
52 3 24.74 59.0   46 12 47 
52 4 46.39 49.0   11 27 6 
53 1 25.22 54.0   49 5 38 
53 2 35.07 62.0   9 16 50 34 
53 3 55.65 61.0   10 33 39 30 
54 1 57.27 65.0   21 29 20 36 35 
54 2 57.34 68.0   2 22 28 3 

655.19 
51 1 45.71 77.0   18 41 19 
51 2 48.11 48.0   44 45 15 37 17 
51 3 82.39 80.0   4 25 13 40 42 
52 1 107.91 77.0   48 31 26 43 24 14 
52 2 69.89 77.0   23 7 8 1 32 
52 3 23.50 54.0   47 12 
52 4 46.78 54.0   46 11 27 6 
53 1 55.65 61.0   10 33 39 30 
53 2 35.07 62.0   9 16 50 34 
53 3 25.22 54.0   49 5 38 
54 1 16.49 8.0   21 
54 2 58.18 74.0   3 28 22 2 29 
54 3 40.31 51.0   35 36 20 

635.05 
51 1 66.55 79.0   13 41 40 19 42 
51 2 48.11 48.0   44 45 15 37 17 
51 3 47.00 78.0   4 18 25 
52 1 44.72 60.0   27 6 47 46 
52 2 81.40 77.0   23 7 43 24 14 
52 3 63.92 66.0   48 26 8 1 32 
52 4 53.93 78.0   12 11 2 
53 1 55.65 61.0   30 39 33 10 
53 2 35.07 62.0   34 50 16 9 
53 3 25.22 54.0   38 5 49 
54 1 79.44 72.0   35 36 3 28 31 22 
54 2 34.05 42.0   21 29 20 

667.09 
51 1 46.73 69.0   18 25 
51 2 54.11 57.0   4 17 37 15 45 44 
51 3 66.55 79.0   13 41 40 19 42 
52 1 53.93 78.0   12 11 2 
52 2 72.56 68.0   7 26 8 1 32 
52 3 76.31 58.0   23 43 24 14 
52 4 53.21 77.0   46 47 6 48 27 
53 1 34.34 44.0   49 5 10 
53 2 40.96 77.0   38 16 50 34 9 
53 3 54.91 56.0   33 39 30 
54 1 79.44 72.0   35 36 3 28 31 22 
54 2 34.05 42.0   21 29 20 

633.25 
51 1 51.75 56.0   42 19 40 41 
51 2 48.11 48.0   17 37 15 45 44 
51 3 26.96 50.0   4 18 
51 4 51.17 51.0   13 25 
52 1 56.02 67.0   23 7 48 27 
52 2 76.62 70.0   8 26 31 28 22 1 
52 3 24.74 59.0   47 12 46 
52 4 76.00 57.0   6 43 24 14 
53 1 35.07 62.0   34 50 16 9 
53 2 57.04 79.0   30 39 33 10 49 
53 3 24.14 36.0   38 5 
54 1 57.96 75.0   29 2 32 11 21 
54 2 47.67 67.0   35 36 3 20 

636.57 
51 1 47.00 78.0   25 18 4 
51 2 48.11 48.0   17 37 15 45 44 
51 3 66.55 79.0   42 19 40 41 13 
52 1 58.23 76.0   11 32 1 8 27 
52 2 55.79 67.0   48 7 23 6 
52 3 103.49 60.0   31 26 43 24 14 
52 4 24.74 59.0   47 12 46 
53 1 21.07 39.0   5 49 
53 2 55.65 61.0   10 33 39 30 
53 3 40.96 77.0   38 16 50 34 9 
54 1 40.31 51.0   35 36 20 
54 2 58.18 74.0   29 2 22 28 3 
54 3 16.49 8.0   21 

646.53 
51 1 47.00 78.0   25 18 4 
51 2 48.11 48.0   17 37 15 45 44 
51 3 66.55 79.0   42 19 40 41 13 
52 1 53.93 78.0   12 11 2 
52 2 81.40 77.0   23 7 43 24 14 
52 3 65.38 71.0   48 26 8 1 32 46 
52 4 42.01 55.0   27 6 47 
53 1 55.96 77.0   49 33 5 38 
53 2 53.43 74.0   10 39 30 34 50 
53 3 7.21 11.0   9 
54 1 79.44 72.0   35 36 3 28 31 22 
54 2 46.11 57.0   20 29 16 21 

649.40 
51 1 66.55 79.0   42 19 40 41 13 
51 2 48.11 48.0   17 37 15 45 44 
51 3 47.00 78.0   25 18 4 
52 1 42.01 55.0   47 6 27 
52 2 65.38 71.0   48 26 8 1 32 46 
52 3 81.40 77.0   23 7 43 24 14 
52 4 53.93 78.0   12 11 2 
53 1 54.91 56.0   33 39 30 
53 2 40.96 77.0   38 16 50 34 9 
53 3 34.34 44.0   49 5 10 
54 1 17.09 28.0   20 
54 2 79.44 72.0   35 36 3 28 31 22 
54 3 18.29 14.0   21 29 

650.29 
51 1 47.00 78.0   4 18 25 
51 2 48.11 48.0   44 45 15 37 17 
51 3 66.55 79.0   13 41 40 19 42 
52 1 53.93 78.0   12 11 2 
52 2 50.50 72.0   47 6 48 27 
52 3 74.01 73.0   7 26 8 1 32 46 
52 4 76.31 58.0   23 43 24 14 
53 1 53.92 60.0   10 39 33 49 
53 2 38.49 70.0   16 50 34 30 
53 3 27.96 47.0   9 38 5 
54 1 79.44 72.0   22 31 28 3 36 35 
54 2 34.05 42.0   21 29 20 

655.05 
51 1 46.73 69.0   18 25 
51 2 54.11 57.0   44 45 15 37 17 4 
51 3 66.55 79.0   42 19 40 41 13 
52 1 53.93 78.0   12 11 2 
52 2 63.92 66.0   48 26 8 1 32 
52 3 81.40 77.0   23 7 43 24 14 
52 4 44.72 60.0   46 47 6 27 
53 1 34.34 44.0   49 5 10 
53 2 40.96 77.0   38 16 50 34 9 
53 3 54.91 56.0   33 39 30 
54 1 79.44 72.0   35 36 3 28 31 22 
54 2 34.05 42.0   21 29 20 

666.28 
51 1 63.87 70.0   42 40 41 13 
51 2 54.11 57.0   4 17 37 15 45 44 
51 3 60.13 78.0   18 25 19 
52 1 54.60 63.0   11 32 48 6 
52 2 24.74 59.0   46 12 47 
52 3 103.49 60.0   31 26 43 24 14 
52 4 69.87 80.0   23 7 8 1 27 
53 1 55.65 61.0   30 39 33 10 
53 2 40.69 80.0   34 50 16 9 49 
53 3 24.14 36.0   5 38 
54 1 40.31 51.0   20 36 35 
54 2 58.18 74.0   3 28 22 2 29 
54 3 16.49 8.0   21 

640.78 
51 1 46.73 69.0   18 25 
51 2 54.11 57.0   44 45 15 37 17 4 
51 3 66.55 79.0   42 19 40 41 13 
52 1 53.93 78.0   12 11 2 
52 2 63.92 66.0   48 26 8 1 32 
52 3 81.40 77.0   23 7 43 24 14 
52 4 44.72 60.0   27 6 47 46 
53 1 25.22 54.0   49 5 38 
53 2 35.07 62.0   9 16 50 34 
53 3 55.65 61.0   30 39 33 10 
54 1 79.44 72.0   35 36 3 28 31 22 
54 2 34.05 42.0   21 29 20 

680.01 
51 1 47.00 78.0   25 18 4 
51 2 44.68 36.0   44 45 15 
51 3 66.55 79.0   42 19 40 41 13 
51 4 24.88 12.0   17 37 
52 1 63.92 66.0   48 26 8 1 32 
52 2 81.40 77.0   23 7 43 24 14 
52 3 53.93 78.0   12 11 2 
52 4 44.72 60.0   27 6 47 46 
53 1 42.50 68.0   49 10 30 9 38 
53 2 34.64 51.0   34 50 16 
53 3 62.30 58.0   5 33 39 
54 1 79.44 72.0   35 36 3 28 31 22 
54 2 34.05 42.0   21 29 20 

668.42 
51 1 26.68 41.0   18 
51 2 48.11 48.0   17 37 15 45 44 
51 3 51.75 56.0   42 19 40 41 
51 4 52.66 60.0   4 25 13 
52 1 42.08 78.0   47 12 11 46 
52 2 53.95 68.0   27 48 6 14 
52 3 95.89 63.0   26 7 23 43 24 
52 4 57.26 50.0   8 22 1 32 
53 1 21.07 39.0   49 5 
53 2 40.96 77.0   38 16 50 34 9 
53 3 55.65 61.0   10 33 39 30 
54 1 76.96 64.0   31 28 3 36 35 
54 2 45.39 72.0   29 21 2 20 

643.01 
51 1 46.73 69.0   18 25 
51 2 54.11 57.0   44 45 15 37 17 4 
51 3 66.55 79.0   13 41 40 19 42 
52 1 81.40 77.0   23 7 43 24 14 
52 2 40.59 53.0   27 1 32 11 
52 3 24.74 59.0   47 12 46 
52 4 62.73 62.0   8 26 48 6 
53 1 34.34 44.0   10 5 49 
53 2 40.96 77.0   38 16 50 34 9 
53 3 54.91 56.0   33 39 30 
54 1 32.47 64.0   29 2 20 
54 2 86.99 72.0   35 36 28 31 22 3 
54 3 16.49 8.0   21 

646.02 
51 1 47.00 78.0   4 18 25 
51 2 48.11 48.0   17 37 15 45 44 
51 3 66.55 79.0   42 19 40 41 13 
52 1 53.93 78.0   12 11 2 
52 2 63.92 66.0   48 26 8 1 32 
52 3 81.40 77.0   23 7 43 24 14 
52 4 44.72 60.0   46 47 6 27 
53 1 55.65 61.0   10 33 39 30 
53 2 40.96 77.0   38 16 50 34 9 
53 3 21.07 39.0   5 49 
54 1 28.77 45.0   35 20 
54 2 93.94 69.0   36 3 28 31 22 29 21 

680.75 
51 1 60.13 78.0   18 25 19 
51 2 54.11 57.0   44 45 15 37 17 4 
51 3 63.87 70.0   42 40 41 13 
52 1 53.93 78.0   12 11 2 
52 2 72.56 68.0   7 26 8 1 32 
52 3 76.31 58.0   23 43 24 14 
52 4 53.21 77.0   46 47 6 48 27 
53 1 51.82 62.0   49 33 5 
53 2 27.90 41.0   9 16 38 
53 3 53.43 74.0   10 39 30 34 50 
54 1 79.44 72.0   35 36 3 28 31 22 
54 2 34.05 42.0   21 29 20 

661.19 
51 1 46.73 69.0   18 25 
51 2 57.28 61.0   42 44 45 15 37 17 
51 3 63.08 75.0   19 40 41 13 4 
52 1 38.93 80.0   47 12 5 46 
52 2 69.89 77.0   23 7 8 1 32 
52 3 107.91 77.0   48 31 26 43 24 14 
52 4 28.46 30.0   27 6 
53 1 52.36 55.0   39 33 49 
53 2 34.96 49.0   16 11 38 
53 3 40.65 71.0   9 50 34 30 10 
54 1 69.23 66.0   21 29 2 22 28 
54 2 51.72 67.0   20 3 35 36 

653.40 
51 1 55.14 72.0   17 18 25 
51 2 56.73 58.0   37 15 45 44 42 
51 3 63.08 75.0   19 40 41 13 4 
52 1 80.17 80.0   27 8 26 31 11 46 
52 2 67.87 71.0   32 1 48 7 23 
52 3 76.00 57.0   6 43 24 14 
52 4 23.50 54.0   12 47 
53 1 25.22 54.0   38 5 49 
53 2 35.07 62.0   9 16 50 34 
53 3 55.65 61.0   10 33 39 30 
54 1 16.49 8.0   21 
54 2 58.18 74.0   29 2 22 28 3 
54 3 40.31 51.0   35 36 20 

651.94 
51 1 47.00 78.0   4 18 25 
51 2 48.11 48.0   44 45 15 37 17 
51 3 66.55 79.0   42 19 40 41 13 
52 1 53.93 78.0   12 11 2 
52 2 63.92 66.0   48 26 8 1 32 
52 3 81.40 77.0   23 7 43 24 14 
52 4 44.72 60.0   46 47 6 27 
53 1 34.34 44.0   49 5 10 
53 2 43.57 77.0   9 38 16 50 34 
53 3 54.91 56.0   33 39 30 
54 1 79.44 72.0   35 36 3 28 31 22 
54 2 34.05 42.0   21 29 20 

650.15 
51 1 47.00 78.0   4 18 25 
51 2 48.11 48.0   44 45 15 37 17 
51 3 66.55 79.0   42 19 40 41 13 
52 1 53.93 78.0   12 11 2 
52 2 63.92 66.0   48 26 8 1 32 
52 3 81.40 77.0   23 7 43 24 14 
52 4 44.72 60.0   46 47 6 27 
53 1 26.65 45.0   30 34 
53 2 41.21 72.0   9 50 16 38 5 
53 3 53.95 60.0   49 10 33 39 
54 1 28.77 45.0   35 20 
54 2 93.94 69.0   36 3 28 31 22 29 21 

640.78 
51 1 46.73 69.0   18 25 
51 2 54.11 57.0   4 17 37 15 45 44 
51 3 66.55 79.0   42 19 40 41 13 
52 1 53.93 78.0   12 11 2 
52 2 63.92 66.0   48 26 8 1 32 
52 3 81.40 77.0   23 7 43 24 14 
52 4 44.72 60.0   46 47 6 27 
53 1 25.22 54.0   49 5 38 
53 2 35.07 62.0   9 16 50 34 
53 3 55.65 61.0   10 33 39 30 
54 1 79.44 72.0   35 36 3 28 31 22 
54 2 34.05 42.0   21 29 20 

680.75 
51 1 60.13 78.0   18 25 19 
51 2 54.11 57.0   44 45 15 37 17 4 
51 3 63.87 70.0   13 41 40 42 
52 1 53.93 78.0   12 11 2 
52 2 72.56 68.0   7 26 8 1 32 
52 3 76.31 58.0   23 43 24 14 
52 4 53.21 77.0   46 47 6 48 27 
53 1 51.82 62.0   5 33 49 
53 2 27.90 41.0   9 16 38 
53 3 53.43 74.0   10 39 30 34 50 
54 1 79.44 72.0   35 36 3 28 31 22 
54 2 34.05 42.0   21 29 20 

649.33 
51 1 66.55 79.0   13 41 40 19 42 
51 2 48.11 48.0   44 45 15 37 17 
51 3 47.00 78.0   4 18 25 
52 1 44.72 60.0   27 6 47 46 
52 2 63.92 66.0   48 26 8 1 32 
52 3 81.40 77.0   23 7 43 24 14 
52 4 53.93 78.0   12 11 2 
53 1 34.34 44.0   49 5 10 
53 2 40.96 77.0   38 16 50 34 9 
53 3 54.91 56.0   33 39 30 
54 1 79.44 72.0   35 36 3 28 31 22 
54 2 34.05 42.0   20 29 21 

642.66 
51 1 66.55 79.0   42 19 40 41 13 
51 2 48.11 48.0   44 45 15 37 17 
51 3 47.00 78.0   4 18 25 
52 1 28.46 30.0   27 6 
52 2 107.91 77.0   48 31 26 43 24 14 
52 3 69.89 77.0   23 7 8 1 32 
52 4 42.08 78.0   47 12 11 46 
53 1 21.07 39.0   5 49 
53 2 55.65 61.0   10 33 39 30 
53 3 40.96 77.0   38 16 50 34 9 
54 1 16.49 8.0   21 
54 2 58.18 74.0   3 28 22 2 29 
54 3 40.31 51.0   35 36 20 

650.65 
51 1 66.55 79.0   42 19 40 41 13 
51 2 48.11 48.0   17 37 15 45 44 
51 3 47.00 78.0   25 18 4 
52 1 44.72 60.0   46 47 6 27 
52 2 63.92 66.0   48 26 8 1 32 
52 3 81.40 77.0   23 7 43 24 14 
52 4 53.93 78.0   12 11 2 
53 1 34.34 44.0   49 5 10 
53 2 40.96 77.0   38 16 50 34 9 
53 3 54.91 56.0   33 39 30 
54 1 18.29 14.0   21 29 
54 2 79.44 72.0   35 36 3 28 31 22 
54 3 17.09 28.0   20 

